1
1
1
1
1
1
1
1
1
1
1
1
1
1
1
1
1
1
1
1
1
1
1
1
1
1
1
1
1
1
1
1
1
1
1
1
1
1
1
1
1
1
1
1
1
1
1
1
1
1
1
1
1
1
1
1
1
1
1
1
1
1
1
1
1
1
1
1
1
1
1
1
1
1
1
1
1
1
1
1
1
1
1
1
1
1
1
1
1
1
1
1
1
1
1
1
1
1
1
1
1
1
1
1
1
1
1
1
1
1
1
1
1
1
1
1
1
1
1
1
1
1
1
1
1
1
1
1
1
1
1
1
1
1
1
1
1
1
1
1
1
1
1
1
1
1
1
1
1
1
1
1
1
1
1
1
1
1
1
1
1
1
1
1
1
1
1
1
1
1
1
1
1
1
1
1
1
1
1
1
1
1
1
1
1
1
1
1
1
1
1
1
1
1
1
1
1
1
1
1
1
1
1
1
1
1
1
1
1
1
1
1
1
1
1
1
1
1
1
1
1
1
1
1
1
1
1
1
1
1
1
1
1
1
1
1
1
1
1
1
1
1
1
1
1
1
1
1
1
1
1
1
1
1
1
1
1
1
1
1
1
1
1
1
1
1
1
1
1
1
1
1
1
1
1
1
1
1
1
1
1
1
1
1
1
1
1
1
1
1
1
1
1
1
1
1
1
1
1
1
1
1
1
1
1
1
1
1
1
1
1
1
1
1
1
1
1
1
1
1
1
1
1
1
1
1
1
1
1
1
1
1
1
1
1
1
1
1
1
1
1
1
1
1
1
1
1
1
1
1
1
1
1
1
1
1
1
1
1
1
1
1
1
1
1
1
1
1
1
1
1
1
1
1
1
1
1
1
1
1
1
1
1
1
1
1
1
1
1
1
1
1
1
1
1
1
1
1
1
1
1
1
1
1
1
1
1
1
1
1
1
1
1
1
1
1
1
1
1
1
1
1
1
1
1
1
1
1
1
1
1
1
1
1
1
1
1
1
1
1
1
1
1
1
1
1
1
1
1
1
1
1
1
1
1
1
1
1
1
1
1
1
1
1
1
1
1
1
1
1
1
1
1
1
1
1
1
1
1
1
1
1
1
1
1
1
1
1
1
1
1
1
1
1
1
1
1
1
1
1
1
1
1
1
1
1
1
1
1
1
1
1
1
1
1
1
1
1
1
1
1
1
1
1
1
1
1
1
1
1
1
1
1
1
1
1
1
1
1
1
1
1
1
1
1
1
1
1
1
1
1
1
1
1
1
1
1
1
1
1
1
1
1
1
1
1
1
1
1
1
1
1
1
1
1
1
1
1
1
1
1
1
1
1
1
1
1
1
1
1
1
1
1
1
1
1
1
1
1
1
1
1
1
1
1
1
1
1
1
1
1
1
1
1
1
1
1
1
1
1
1
1
1
1
1
1
1
1
1
1
1
1
1
1
1
1
1
1
1
1
1
1
1
1
1
1
1
1
1
1
1
1
1
1
1
1
1
1
1
1
1
1
1
1
1
1
1
1
1
1
1
1
1
1
1
1
1
1
1
1
1
1
1
1
1
1
1
1
1
1
1
1
1
1
1
1
1
1
1
1
1
1
1
1
1
1
1
1
1
1
1
1
1
1
1
1
1
1
1
1
1
1
1
1
1
1
1
1
1
1
1
1
1
1
1
1
1
1
1
1
1
1
1
1
1
1
1
1
1
1
1
1
1
1
1
1
1
1
1
1
1
1
1
1
1
1
1
1
1
1
1
1
1
1
1
1
1
1
1
1
1
1
1
1
1
1
1
1
1
1
1
1
1
1
1
1
1
1
1
1
1
1
1
1
1
1
1
1
1
1
1
1
1
1
1
1
1
1
1
1
1
1
1
1
1
1
1
1
1
1
1
1
1
1
1
1
10
10
10
10
10
10
10
10
10
10
10
10
10
10
10
10
10
10
10
10
10
10
10
10
10
10
10
10
10
10
10
10
10
10
10
10
10
10
10
10
10
10
10
10
10
10
10
10
10
10
10
10
10
10
100
100
1,003
1,004
101
101
101
101
101
101
1,010
1,010
10,102
1,015
10,166
102
102
102
102
102
10,213
10,217
1,022
103
103
103
103
103
103,610
104
104
104
1,041
1,042
1,045
1,046
1,047
105
105
1,050
10,500
10,507
106
106
106
10,645
1,066
107
107
107
107
107
1,079
1,079
10,790
108
108
108
108
1,083
109
109
109
109
109
10,914
10,919
11
11
11
11
11
11
11
11
11
11
11
11
11
11
11
11
11
11
11
11
11
11
11
11
11
11
11
11
11
11
11
11
11
11
11
11
11
11
110
110
110
1,101
111
11,104
1,119
112
112
1,122
1,123
1,125
112,664
113
113
113
1,130
113,055
1,133
1,136
1,137
114
114
114
114
1,140
115
115
11,515
116
116
116
1,163
117
117
117
117
1,175
118
118
118
118
118
1,180
1,182
119
119
119
119
119
119
119
119
119
119
119
12
12
12
12
12
12
12
12
12
12
12
12
12
12
12
12
12
12
12
12
12
12
12
12
12
12
12
12
12
12
12
12
12
12
12
12
12
12
12
12
12
12
12
12
12
12
12
12
120
120
120
1,200
120,242
1,203
1,204
121
121
1,215
121,735
122
122
1,220
12,209
12,214
12,216
1,222
1,223
1,225
123
1,232
1,238
124
1,244
1,247
125
125
125
126
127
127
127
12,756
1,276
128
128
1,281
129
129
129
129
129
129
1,291
13
13
13
13
13
13
13
13
13
13
13
13
13
13
13
13
13
13
13
13
13
13
13
13
13
13
13
13
13
13
13
13
13
13
13
13
13
13
130
131
1,315
1,316
1,318
133
133
133
1,331
1,339
134
1,347
135
13,524
136
1,364
1,365
137
137
137
1,370
1,370
1,377
13,805
13,807
1,382
139
139
1,390
14
14
14
14
14
14
14
14
14
14
14
14
14
14
14
14
14
14
14
14
14
14
14
14
14
14
14
14
14
14
14
14
14
14
14
14
14
14
14
14
14
140
140
1,401
1,401
141
141
141
141
1,412
142
142
142
142
142
142
142
143
143
143
143
1,436
144
144
1,446
145
145
1,452
1,453
14,553
146
1,460
1,461
14,648
147
147
147
1,479
148
148
1,483
1,483
14,873
148,976
149
149
149
1,491
1,498
1,498
1,499
15
15
15
15
15
15
15
15
15
15
15
15
15
15
15
15
15
15
15
15
15
15
15
15
15
15
15
15
15
15
15
15
15
15
15
15
15
150
1,503
1,506
1,506
15,099
151
151
15,148
15,157
1,517
152
152
1,527
1,529
154
154
154
154
154
1,542
1,547
155
1,553
156
157
158
158
1,581
159
159
159
15,900
1,597
16
16
16
16
16
16
16
16
16
16
16
16
16
16
16
16
16
16
16
16
16
16
16
16
16
16
16
16
16
16,052
161
1,617
162
162
162,047
1,629
163
163
163
164
165
165
165
1,654
16,595
166
167
168
1,688
169
169
169
169
17
17
17
17
17
17
17
17
17
17
17
17
17
17
17
17
17
17
17
17
17
17
17
17
17
17
17
17
17
17
17
17
170
170
171
171
17,174
172
172
17,221
17,235
173
173
173
173
173
17,309
1,731
1,733
175
175
175,674
176
177
177
179
17,916
1,793
18
18
18
18
18
18
18
18
18
18
18
18
18
18
18
18
18
18
18
18
18
18
18
180
180
1,803
181
181
181
181
1,817
1,818
182
183
18,496
1,858
186
186
1,876
1,885
189
1,890
18,928
1,896
18,972
1,899
19
19
19
19
19
19
19
19
19
19
19
19
19
19
19
19
19
19
19
19
19
19
19
19
190
190
191
191
192
192
1,922
1,925
193
193
193
194
1,944
195
1,956
19,566
196
19,676
1,974
198
199
2
2
2
2
2
2
2
2
2
2
2
2
2
2
2
2
2
2
2
2
2
2
2
2
2
2
2
2
2
2
2
2
2
2
2
2
2
2
2
2
2
2
2
2
2
2
2
2
2
2
2
2
2
2
2
2
2
2
2
2
2
2
2
2
2
2
2
2
2
2
2
2
2
2
2
2
2
2
2
2
2
2
2
2
2
2
2
2
2
2
2
2
2
2
2
2
2
2
2
2
2
2
2
2
2
2
2
2
2
2
2
2
2
2
2
2
2
2
2
2
2
2
2
2
2
2
2
2
2
2
2
2
2
2
2
2
2
2
2
2
2
2
2
2
2
2
2
2
2
2
2
2
2
2
2
2
2
2
2
2
2
2
2
2
2
2
2
2
2
2
2
2
2
2
2
2
2
2
2
2
2
2
2
2
2
2
2
2
2
2
2
2
2
2
2
2
2
2
2
2
2
2
2
2
2
2
2
2
2
2
2
2
2
2
2
2
2
2
2
2
2
2
2
2
2
2
2
2
2
2
2
2
2
2
2
2
2
2
2
2
2
2
2
2
2
2
2
2
2
2
2
2
2
2
2
2
2
2
2
2
2
2
2
2
2
2
2
2
2
2
2
2
2
2
2
2
2
2
2
2
2
2
2
2
2
2
2
2
2
2
2
2
2
2
2
2
2
2
2
2
2
2
2
2
2
2
2
2
2
2
2
2
2
2
2
2
2
2
2
2
2
2
2
2
2
2
2
2
2
2
2
2
2
2
2
2
2
2
2
2
2
2
2
2
2
2
2
2
2
2
2
2
2
2
2
2
2
2
2
2
2
2
2
2
2
2
2
2
2
2
2
2
2
2
2
2
2
2
2
2
2
2
2
2
2
2
2
2
2
2
2
2
2
2
2
2
2
2
2
2
2
2
2
2
2
2
2
2
2
2
2
2
2
2
2
2
2
2
2
2
20
20
20
20
20
20
20
20
20
20
20
20
20
20
20
20
20
20
20
20
20
200
200
20,009
20,172
202
202
202
202
202
20,268
203
203
203
2,035
2,038
204
20,462
206
2,062
2,064
207
207
207
20,721
208
208
208
208
2,083
20,858
2,088
20,891
21
21
21
21
21
21
21
21
21
21
21
21
21
21
21
21
21
21
21
21
21
210
2,117
212
2,124
2,124
2,124
2,128
21,290
213
214
2,141
2,144
2,145
2,148
215
215
215
21,500
216
2,162
217
2,175
2,188
2,189
219
219
219
21,971
22
22
22
22
22
22
22
22
22
22
22
22
22
22
22
220
221
221
2,211
222
223
2,231
2,233
2,234
2,239
224
224
225
225
2,259
228
228
229
23
23
23
23
23
23
23
23
23
231
2,318
232
233
233
234
234
235
235
236
236
23,691
237
237
238
238
239
23,955
24
24
24
24
24
24
24
24
24
24
24
24
24
240
240
240
2,406
2,408
241
241
2,420
2,425
24,290
24,392
244
244
244
2,446
2,449
245
245
246
247
2,473
2,474
2,476
24,848
2,492
24,972
25
25
25
25
25
25
25
25
25
25
25
25
25
25
25
25
25
25
25
250
2,518
253
253
253
253
2,543
2,549
255
257
257
2,576
2,577
258
258
258
258
258
258
258
258
258
258
258
258
258
258
258
259
259
259
26
26
26
26
26
26
26
26
26
26
26
26
26
26
26
26
26
26
26
26
26
261
26,113
2,614
262
262
262
2,629
264
265
266
2,661
267
267
267
2,672
27
27
27
27
27
27
27
27
27
27
27
2,705
2,706
2,707
271
271
272
272
2,725
27,262
275
275
2,751
276
277
277
277
2,770
27,715
2,781
279
279
28
28
28
28
28
28
28
28
28
28
28
280
280
280
280,495
28,166
282
282
282
2,827
283
283
2,836
284
2,864
287
287
28,726
2,875
288
289
289
29
29
29
29
29
29
29
29
29
29
29
29
29
29
29
29
29
29
29
290
290
29,057
292
292
293
294
294
294
295
2,957
296
298
29,831
3
3
3
3
3
3
3
3
3
3
3
3
3
3
3
3
3
3
3
3
3
3
3
3
3
3
3
3
3
3
3
3
3
3
3
3
3
3
3
3
3
3
3
3
3
3
3
3
3
3
3
3
3
3
3
3
3
3
3
3
3
3
3
3
3
3
3
3
3
3
3
3
3
3
3
3
3
3
3
3
3
3
3
3
3
3
3
3
3
3
3
3
3
3
3
3
3
3
3
3
3
3
3
3
3
3
3
3
3
3
3
3
3
3
3
3
3
3
3
3
3
3
3
3
3
3
3
3
3
3
3
3
3
3
3
3
3
3
3
3
3
3
3
3
3
3
3
3
3
3
3
3
3
3
3
3
3
3
3
3
3
3
3
3
3
3
3
3
3
3
3
3
3
3
3
3
3
3
3
3
3
3
3
3
3
3
3
3
3
3
3
3
3
30
30
30
30
30
30
3,007
301
3,013
3,020
3,022
304
306
308
309
309
30,926
31
31
31
31
31
31
31
31
31
310
3,103
311
312
312
313
3,145
315
316
317
317
31,782
318
318
3,193
32
32
32
32
32
32
32
32
32
32
32
32
32
32
32
32
32
32
3,208
3,210
3,212
3,218
322
323
323
3,241
329
33
33
33
33
33
33
33
33
33
33
33
330
331
3,315
332
332
332
3,322
3,325
334
335
337
338
3,383
3,392
34
34
34
34
34
34
34
34
340
340
340
340
3,416
343
3,432
344
346
346
347
347
347
3,477
348
35
35
35
35
35
35
35
35
351
351
35,207
353
3,531
356
356
357
3,570
3,572
35,799
358
36
36
36
36
36
360
361
361
3,622
363
3,634
364
3,643
3,658
367
367
367
36,705
3,678
369
369
3,693
37
37
37
37
37
37
37
37
37
37
37
37,078
37,216
373
376
377
37,742
38
38
38
38
38
38
38
38
3,809
381
381
382
383
383
383
38,365
3,839
384
384
3,859
386
3,860
3,864
388
3,886
3,897
39
39
39
39
39
39
39
39
390
390
390
390
39,093
3,913
3,914
3,919
392
3,921
3,963
3,975
4
4
4
4
4
4
4
4
4
4
4
4
4
4
4
4
4
4
4
4
4
4
4
4
4
4
4
4
4
4
4
4
4
4
4
4
4
4
4
4
4
4
4
4
4
4
4
4
4
4
4
4
4
4
4
4
4
4
4
4
4
4
4
4
4
4
4
4
4
4
4
4
4
4
4
4
4
4
4
4
4
4
4
4
4
4
4
4
4
4
4
4
4
4
4
4
4
4
4
4
4
4
4
4
4
4
4
4
4
4
4
4
4
4
4
4
4
4
4
4
4
4
4
4
4
4
4
4
4
4
4
4
4
4
4
4
4
4
4
4
4
4
4
4
4
4
4
4
4
4
4
4
4
4
4
4
4
4
4
4
4
4
4
4
4
4
4
4
4
4
4
4
4
40
40
40
40
40
40
40
40
40
400
400
400
401
40,393
404
407
41
41
41
41
41
41
41
41
41
410
4,106
41,347
41,505
417
419
419
419
42
42
42
42
42
42
42
42
42
42
42
42
42
42
42
42
420
4,204
4,208
421
422
423
424
424
424
425
42,910
43
43
43
43
43
43
43
43
43
433
434
434
434
434
434
434
437
439
439
439
43,980
44
44
44
44
44
4,404
44,172
442
4,481
449
45
45
45
45
45
452
452
452
4,533
454
454
455
459
459
459
46
46
46
46
46
4,602
462
4,621
46,574
466
468
4,680
4,686
47
47
47
47
47
4,728
473
4,752
476
477
477
479
48
48
48
48
48
48
48
480
481
4,816
484
4,852
486
486
4,860
488
489
49
49
49
49
4,912
492
494
496
4,966
499
5
5
5
5
5
5
5
5
5
5
5
5
5
5
5
5
5
5
5
5
5
5
5
5
5
5
5
5
5
5
5
5
5
5
5
5
5
5
5
5
5
5
5
5
5
5
5
5
5
5
5
5
5
5
5
5
5
5
5
5
5
5
5
5
5
5
5
5
5
5
5
5
5
5
5
5
5
5
5
5
5
5
5
5
5
5
5
5
5
5
5
5
5
5
5
5
5
5
5
5
5
5
5
5
5
5
5
5
5
5
50
50
50
50
50
50
50
50
50
50
50,224
506
507
507
508
51
51
51
51
512
512
512
514
5,156
516
517
519
52
52
52
52
52
52
522
523
523
523
523
5,257
53
53
53
53
5,311
5,311
532
539
539
54
54
54
54
54
54
54
54
54
54
54
543
544
544
545
54,571
546
547
5,486
55
55
55
55
55
55
550
556
56
56
56
56
56
56
56
564
565
5,651
566
568
569
569
57
57
57
57
57
57
57
57
57
57
572
573
573
5,752
5,766
578
579
58
58
58
58
58
58
58
58
58
581
583
584
5,843
586
58,673
588
588
588
59
59
59,112
592
598
6
6
6
6
6
6
6
6
6
6
6
6
6
6
6
6
6
6
6
6
6
6
6
6
6
6
6
6
6
6
6
6
6
6
6
6
6
6
6
6
6
6
6
6
6
6
6
6
6
6
6
6
6
6
6
6
6
6
6
6
6
6
6
6
6
6
6
6
6
6
6
6
6
6
6
6
6
6
6
6
6
6
6
6
6
6
6
6
6
6
6
60
60
60
600
602
6,028
603
6,049
606
6,093
6,097
61
61
61
61
61
61
61
61
61
61
619
62
62
62
62
621
622
6,223
625
625
6,290
63
63
63
63
63
63
63
6,342
6,356
636
6,377
6,383
6,388
64
64
64
64
64
64
64
640
642
645
65
65
65
65
65
65
65
65
653
654
6,578
66
66
66
66
66
66
66
66
66
66
66
6,602
66,412
6,657
67
67
67
67
67
67
67
6,716
678
68
68
68
68
68
68
68
68,055
6,815
6,825
683
683
683
685
68,578
686
6,869
6,880
6,883
69
69
69
69
69,173
6,932
6,951
6,959
696
696
699
7
7
7
7
7
7
7
7
7
7
7
7
7
7
7
7
7
7
7
7
7
7
7
7
7
7
7
7
7
7
7
7
7
7
7
7
7
7
7
7
7
7
7
7
7
7
7
7
7
7
7
7
7
7
7
7
7
7
7
7
7
7
7
7
7
7
7
7
7
7
7
7
7
7
7
7
7
7
7
7
7
7
70
70
70
70
70
70
70
70
702
705
7,050
71
71
71
714
7,140
7,160
717
72
72
72
72
72
72
72
72
72
72
72
72
72
72,219
7,228
724
724
726
726
727
728
73
73
73
730
735
73,687
74
74
74
74
7,462
7,476
75
75
75
75,296
753
76
76
76
76
7,604
761
764
7,643
765
76,878
77
77
77
77
77
77
78
78
79
79
79
79
79
79
79
79
79
79
79
79
79
79,314
794
8
8
8
8
8
8
8
8
8
8
8
8
8
8
8
8
8
8
8
8
8
8
8
8
8
8
8
8
8
8
8
8
8
8
8
8
8
8
8
8
8
8
8
8
8
8
8
8
8
8
8
8
8
8
8
8
8
8
8
8
8
8
8
8
80
80
80
80
80
800
8,006
8,050
806
806
8,062
807
809
81
81
811
815
8,162
817
82
82
82
82
82
82
82
82
827
83
83
8,348
837
8,370
839
84
84
84
84
846
848
85
85
85
851
851
86
86
86
86
86
86
86
861
862
86,289
867
86,760
87
87
871
8,725
8,735
878
88
88
88
88
88
881
889
89
89
89
89
890
890
8,901
891
893
8,942
8,992
9
9
9
9
9
9
9
9
9
9
9
9
9
9
9
9
9
9
9
9
9
9
9
9
9
9
9
9
9
9
9
9
9
9
9
9
9
9
9
9
9
9
9
9
9
9
9
9
9
9
9
9
90
90
90
90
90
90
900
901
904
90,419
906
91
91
9,118
912
913
916
916
923
9,230
93
93
93
93
93
93
9,349
939
939
94
94
941
9,458
9,480
9,493
95
95
95
95
95
95
95
950
9,567
96
96
96
96
96
96,169
963
97
970
9,703
9,714
97,506
978
98
98
98
98
98,340
985
99
99
992
998
